1110 10
0.065478 0.088460 0.080221 0.112973 0.115065 0.116748 0.092389 0.088358 0.094531 0.145776 1
0.065070 0.089710 0.079864 0.119682 0.113968 0.117233 0.089685 0.088868 0.088486 0.147434 1
0.050403 0.077798 0.074763 0.134782 0.147357 0.146567 0.091572 0.074227 0.080910 0.121620 1
0.043746 0.070656 0.069202 0.145878 0.168478 0.164345 0.095500 0.067570 0.064840 0.109785 1
0.060938 0.084124 0.075477 0.124758 0.121952 0.126237 0.086114 0.086624 0.091394 0.142383 1
0.060045 0.080272 0.078946 0.127640 0.125906 0.126722 0.091292 0.083997 0.094378 0.130803 1
0.058693 0.085578 0.078691 0.125676 0.127359 0.133966 0.091725 0.080859 0.082058 0.135394 1
0.069202 0.089685 0.079380 0.109708 0.110499 0.114096 0.089914 0.091292 0.098510 0.147715 1
0.046934 0.070656 0.077365 0.143735 0.158683 0.152918 0.093715 0.071396 0.075094 0.109504 1
0.067748 0.088103 0.081369 0.114300 0.111188 0.114249 0.089889 0.092261 0.096011 0.144883 1
0.034027 0.062060 0.012601 0.095373 0.080655 0.209213 0.046398 0.093791 0.221074 0.144807 2
0.036731 0.060428 0.012907 0.090603 0.078053 0.212886 0.044536 0.090373 0.244822 0.128660 2
0.020151 0.054382 0.007550 0.104071 0.097056 0.218090 0.050913 0.083767 0.178553 0.185466 2
0.023314 0.055862 0.008596 0.104250 0.096393 0.226048 0.052061 0.095449 0.194087 0.143939 2
0.031221 0.064101 0.012091 0.094684 0.088817 0.202862 0.046347 0.091878 0.206408 0.161591 2
0.031629 0.063590 0.011657 0.094098 0.086088 0.199112 0.048617 0.093001 0.204520 0.167687 2
0.035252 0.059892 0.012397 0.096929 0.079558 0.210081 0.045863 0.096011 0.221100 0.142919 2
0.033083 0.057316 0.011989 0.094302 0.085297 0.208372 0.043975 0.098255 0.221406 0.146006 2
0.020840 0.055505 0.008137 0.099837 0.101061 0.219110 0.052291 0.087568 0.178349 0.177303 2
0.035558 0.060325 0.012652 0.093562 0.081395 0.210132 0.042266 0.089838 0.233369 0.140904 2
0.022651 0.053132 0.010305 0.130446 0.097975 0.151005 0.036807 0.088307 0.248521 0.160851 3
0.027446 0.050480 0.014871 0.124299 0.099760 0.140037 0.038644 0.078691 0.278364 0.147408 3
0.023212 0.059229 0.012728 0.131492 0.108356 0.144628 0.043950 0.107821 0.207122 0.161463 3
0.024156 0.056601 0.015636 0.135751 0.110193 0.153556 0.039970 0.084711 0.256836 0.122590 3
0.023518 0.059127 0.011223 0.133507 0.099046 0.145750 0.039052 0.098816 0.230308 0.159652 3
0.026936 0.061040 0.012014 0.121799 0.097363 0.134221 0.045123 0.105729 0.217197 0.178579 3
0.023850 0.056958 0.011300 0.132231 0.099403 0.144041 0.040991 0.094761 0.219340 0.177125 3
0.024462 0.060504 0.011453 0.129553 0.098816 0.140725 0.042725 0.097516 0.218167 0.176079 3
0.024207 0.057061 0.012167 0.129247 0.105321 0.148301 0.040047 0.095883 0.235053 0.152714 3
0.024283 0.057928 0.010892 0.128992 0.100908 0.138302 0.041832 0.097107 0.222273 0.177482 3
0.020865 0.067672 0.018952 0.097056 0.230589 0.211688 0.065274 0.057545 0.106443 0.123916 4
0.020202 0.068845 0.018978 0.100474 0.221687 0.218830 0.059764 0.053745 0.119350 0.118126 4
0.017779 0.066320 0.021069 0.106239 0.235257 0.210693 0.069075 0.055811 0.093179 0.124579 4
0.018978 0.067774 0.020457 0.109377 0.221942 0.223829 0.062494 0.053132 0.106622 0.115396 4
0.020457 0.067570 0.017906 0.101469 0.229721 0.214672 0.065274 0.054280 0.107744 0.120906 4
0.019564 0.071906 0.017422 0.101036 0.230334 0.214111 0.063871 0.055811 0.104734 0.121212 4
0.022090 0.070324 0.018748 0.096291 0.230308 0.212759 0.060912 0.048592 0.124248 0.115728 4
0.020993 0.075043 0.020559 0.097260 0.230283 0.204469 0.063080 0.061805 0.103790 0.122717 4
0.018110 0.066447 0.019539 0.108637 0.234134 0.217325 0.064840 0.054816 0.096240 0.119911 4
0.021605 0.068768 0.018672 0.097490 0.230053 0.211177 0.063335 0.055122 0.114912 0.118865 4
0.013953 0.039843 0.029206 0.184114 0.238215 0.155826 0.041654 0.077492 0.114606 0.105091 5
0.019029 0.042547 0.029742 0.185593 0.242577 0.144934 0.036093 0.075707 0.131262 0.092516 5
0.014947 0.038950 0.026860 0.183374 0.241378 0.162126 0.039664 0.080451 0.121926 0.090322 5
0.015917 0.039180 0.027115 0.186180 0.245817 0.160545 0.037139 0.078614 0.122462 0.087032 5
0.018289 0.041858 0.029028 0.172788 0.246659 0.150265 0.040812 0.078538 0.116264 0.105499 5
0.016325 0.043771 0.027599 0.171411 0.249388 0.145215 0.039664 0.078410 0.125803 0.102413 5
0.017626 0.042190 0.030431 0.173630 0.244592 0.148403 0.038542 0.066804 0.144883 0.092899 5
0.014565 0.038389 0.028339 0.187379 0.246939 0.155979 0.041220 0.079405 0.114198 0.093587 5
0.014998 0.038593 0.027064 0.177916 0.261096 0.153607 0.038032 0.078614 0.117182 0.092899 5
0.013723 0.039690 0.028798 0.183374 0.245077 0.149015 0.041475 0.077926 0.114070 0.106851 5
0.110856 0.127334 0.017294 0.062162 0.063437 0.071804 0.029793 0.118304 0.151031 0.247985 6
0.105168 0.141593 0.020993 0.056576 0.061244 0.071243 0.032471 0.128354 0.142307 0.240052 6
0.107438 0.117922 0.019488 0.066600 0.064662 0.080961 0.037420 0.111647 0.156872 0.236991 6
0.105397 0.142868 0.027242 0.050454 0.054357 0.068131 0.038108 0.133991 0.145291 0.234160 6
0.110371 0.124273 0.018978 0.062494 0.070988 0.071421 0.032803 0.115294 0.159627 0.233752 6
0.105882 0.134144 0.019972 0.059764 0.069432 0.070171 0.035430 0.120651 0.155112 0.229441 6
0.110728 0.124222 0.024130 0.063539 0.058616 0.075145 0.033696 0.122641 0.156591 0.230691 6
0.111749 0.134298 0.017983 0.054943 0.059713 0.068743 0.030737 0.126594 0.145291 0.249949 6
0.105729 0.133609 0.021426 0.057316 0.060325 0.071880 0.036629 0.120906 0.155673 0.236506 6
0.112259 0.126620 0.017855 0.062366 0.059560 0.073538 0.029997 0.118432 0.148786 0.250587 6
0.084328 0.141720 0.022753 0.069508 0.070580 0.081548 0.021324 0.130395 0.132410 0.245434 7
0.105933 0.139654 0.023773 0.066167 0.055377 0.068590 0.024793 0.127640 0.141848 0.246225 7
0.096113 0.150112 0.023850 0.057673 0.063157 0.064075 0.024181 0.147510 0.131747 0.241582 7
0.107464 0.147026 0.027268 0.056015 0.047266 0.057596 0.026349 0.141057 0.139629 0.250332 7
0.075936 0.137180 0.022472 0.067901 0.072646 0.085961 0.023288 0.125472 0.132818 0.256326 7
0.091394 0.129298 0.025788 0.071396 0.058030 0.081522 0.025916 0.112616 0.139833 0.264208 7
0.091725 0.137154 0.023135 0.066779 0.059356 0.075860 0.025788 0.119172 0.137843 0.263187 7
0.109096 0.127844 0.027344 0.068309 0.049459 0.075324 0.024105 0.112106 0.146031 0.260382 7
0.105244 0.129783 0.029818 0.068131 0.050709 0.071753 0.026094 0.120906 0.140572 0.256989 7
0.094225 0.136109 0.022472 0.065784 0.060147 0.077467 0.021375 0.120702 0.141210 0.260509 7
0.041169 0.072875 0.030227 0.101903 0.125574 0.156591 0.065886 0.085348 0.184573 0.135853 8
0.039537 0.075477 0.031808 0.101648 0.147893 0.160239 0.066065 0.085961 0.156209 0.135165 8
0.042266 0.074839 0.034231 0.110142 0.145189 0.158555 0.068437 0.086649 0.136007 0.143684 8
0.046475 0.078716 0.035047 0.097949 0.146949 0.145674 0.068896 0.090705 0.146031 0.143557 8
0.044358 0.074431 0.030380 0.097592 0.133940 0.147817 0.062621 0.085884 0.179267 0.143710 8
0.039741 0.072824 0.026860 0.098485 0.137027 0.153403 0.057902 0.090246 0.176564 0.146949 8
0.041909 0.068411 0.029869 0.095449 0.127589 0.155086 0.056831 0.078895 0.226610 0.119350 8
0.039001 0.073768 0.030533 0.108892 0.133609 0.178196 0.066192 0.085221 0.154500 0.130089 8
0.041195 0.071957 0.032752 0.103637 0.148658 0.160978 0.061473 0.091751 0.141950 0.145648 8
0.043644 0.074686 0.032573 0.103484 0.126518 0.153581 0.065682 0.079686 0.191664 0.128482 8
0.052418 0.082007 0.027446 0.102643 0.123431 0.121467 0.066906 0.102209 0.145368 0.176104 9
0.055122 0.087466 0.035405 0.110244 0.124120 0.127436 0.070911 0.094455 0.124987 0.169855 9
0.050352 0.078232 0.030175 0.112080 0.118330 0.129502 0.072799 0.100219 0.143302 0.165009 9
0.043771 0.074737 0.027931 0.117896 0.127564 0.128660 0.068207 0.095807 0.155520 0.159907 9
0.057979 0.086318 0.029920 0.096623 0.105066 0.111188 0.072875 0.100602 0.154423 0.185007 9
0.047623 0.076778 0.028926 0.112795 0.139118 0.129222 0.065861 0.096062 0.141312 0.162305 9
0.052852 0.081930 0.031247 0.109351 0.122079 0.127589 0.069891 0.098153 0.137052 0.169855 9
0.050990 0.077237 0.035252 0.115014 0.125115 0.126696 0.073717 0.093817 0.131543 0.170620 9
0.041348 0.070988 0.032471 0.128048 0.150699 0.143327 0.069151 0.085910 0.138047 0.140011 9
0.052214 0.083537 0.029028 0.105576 0.117922 0.120217 0.070682 0.101597 0.144348 0.174880 9
0.055836 0.076115 0.029869 0.068360 0.106826 0.139450 0.065172 0.103127 0.211101 0.144143 10
0.059815 0.079227 0.031859 0.071345 0.112131 0.141975 0.071472 0.093893 0.213320 0.124962 10
0.058438 0.079660 0.033262 0.074559 0.110142 0.151668 0.071880 0.095628 0.185007 0.139756 10
0.058591 0.084303 0.034792 0.076650 0.113866 0.158657 0.077109 0.089583 0.183272 0.123176 10
0.051908 0.074686 0.027701 0.071804 0.097898 0.148301 0.057673 0.092465 0.254107 0.123457 10
0.056652 0.072544 0.029512 0.070860 0.097286 0.146082 0.057698 0.085068 0.263825 0.120472 10
0.058616 0.080374 0.031374 0.068462 0.109402 0.143531 0.065427 0.084762 0.237170 0.120881 10
0.058999 0.079252 0.032573 0.072646 0.117029 0.147485 0.070605 0.091598 0.200082 0.129732 10
0.059713 0.078257 0.033389 0.072518 0.110754 0.163988 0.072391 0.086318 0.206331 0.116340 10
0.054892 0.073309 0.029155 0.068896 0.105270 0.146439 0.061065 0.089404 0.248903 0.122666 10
0.050990 0.092465 0.027013 0.106061 0.091674 0.126645 0.065172 0.103688 0.142154 0.194138 11
0.045939 0.087236 0.031731 0.128099 0.116213 0.135751 0.060912 0.097643 0.123151 0.173324 11
0.047546 0.087797 0.033874 0.124834 0.117463 0.137843 0.058897 0.098051 0.126314 0.167381 11
0.044587 0.086012 0.034282 0.132282 0.123049 0.140955 0.060351 0.095271 0.124630 0.158581 11
0.044842 0.085655 0.032038 0.127436 0.124936 0.135624 0.057316 0.103000 0.117539 0.171615 11
0.044154 0.084685 0.028109 0.121671 0.123814 0.138251 0.057086 0.102362 0.123788 0.176079 11
0.044970 0.085986 0.028977 0.124375 0.129936 0.139169 0.057418 0.101087 0.116978 0.171105 11
0.049357 0.088613 0.025686 0.112208 0.094200 0.136848 0.062034 0.102694 0.143225 0.185134 11
0.044944 0.088996 0.028364 0.118177 0.112642 0.137792 0.062647 0.101801 0.131543 0.173095 11
0.047801 0.088460 0.028849 0.112999 0.103000 0.133456 0.063565 0.103739 0.135267 0.182864 11
0.056015 0.095960 0.047011 0.139731 0.113407 0.108433 0.059407 0.105908 0.105372 0.168758 12
0.054102 0.096801 0.042164 0.134757 0.114325 0.106163 0.063157 0.106239 0.109453 0.172840 12
0.058897 0.096444 0.056958 0.146694 0.123380 0.101622 0.062315 0.098714 0.092567 0.162407 12
0.053132 0.098383 0.049357 0.144194 0.126722 0.107106 0.061116 0.103357 0.095118 0.161514 12
0.058846 0.100500 0.050148 0.137282 0.115065 0.102234 0.060325 0.101826 0.101724 0.172049 12
0.057367 0.098204 0.048413 0.138353 0.119299 0.105908 0.060632 0.102617 0.098995 0.170212 12
0.057673 0.097082 0.048107 0.137716 0.120523 0.102056 0.060045 0.103484 0.104454 0.168860 12
0.053158 0.100168 0.046016 0.144756 0.112693 0.103867 0.058234 0.104581 0.104530 0.171998 12
0.054765 0.097516 0.054000 0.143557 0.126900 0.101367 0.057341 0.103153 0.097107 0.164294 12
0.056499 0.096980 0.048413 0.139654 0.115677 0.103382 0.057902 0.104428 0.106112 0.170952 12
0.053949 0.090501 0.042929 0.073691 0.193322 0.174625 0.075962 0.072135 0.108866 0.114019 13
0.055096 0.087287 0.044001 0.078870 0.197352 0.164243 0.074712 0.073411 0.108152 0.116876 13
0.054535 0.088027 0.041679 0.080834 0.194572 0.175135 0.077314 0.071064 0.100627 0.116213 13
0.054127 0.088537 0.048082 0.083665 0.194317 0.169549 0.081446 0.073640 0.088307 0.118330 13
0.055607 0.090348 0.037726 0.074023 0.187966 0.172993 0.071982 0.073258 0.121544 0.114555 13
0.056499 0.087313 0.044562 0.079099 0.186614 0.178502 0.077441 0.071702 0.108841 0.109428 13
0.055351 0.083665 0.046577 0.079915 0.194189 0.177967 0.081471 0.070529 0.099429 0.110907 13
0.050990 0.087772 0.038465 0.080502 0.191919 0.170722 0.071727 0.078283 0.112233 0.117386 13
0.055479 0.087389 0.043031 0.076803 0.194393 0.177507 0.078155 0.072773 0.101928 0.112540 13
0.052903 0.090424 0.041552 0.072033 0.191384 0.171233 0.073972 0.074686 0.117131 0.114682 13
0.049638 0.079762 0.058974 0.143863 0.170773 0.115983 0.072212 0.087491 0.086139 0.135165 14
0.045225 0.075656 0.059611 0.148148 0.185976 0.121569 0.073921 0.083002 0.082364 0.124528 14
0.044970 0.080808 0.042649 0.133124 0.147128 0.119682 0.073181 0.090195 0.096878 0.171386 14
0.046373 0.079558 0.048031 0.144705 0.152944 0.124707 0.074304 0.089430 0.096164 0.143786 14
0.049434 0.080476 0.054382 0.145393 0.157407 0.120983 0.073028 0.088078 0.090093 0.140725 14
0.052036 0.079252 0.055071 0.142409 0.166080 0.115116 0.070937 0.087695 0.090526 0.140878 14
0.046602 0.074763 0.060198 0.150061 0.178171 0.122334 0.073742 0.084303 0.082466 0.127359 14
0.046500 0.076829 0.058438 0.148378 0.175824 0.119886 0.073360 0.086267 0.082390 0.132129 14
0.046602 0.080630 0.048209 0.133532 0.155724 0.119325 0.069865 0.091419 0.095909 0.158785 14
0.050480 0.079890 0.060300 0.141312 0.173120 0.116213 0.070503 0.087899 0.086139 0.134144 14
0.067748 0.084201 0.076217 0.106902 0.134042 0.132971 0.087159 0.083895 0.086853 0.140011 15
0.066473 0.087619 0.074737 0.108407 0.135394 0.129961 0.088766 0.086471 0.084175 0.137996 15
0.060555 0.082058 0.076956 0.111698 0.146924 0.139323 0.090526 0.084175 0.080196 0.127589 15
0.063897 0.082721 0.075707 0.109963 0.138200 0.133864 0.091572 0.083767 0.084940 0.135369 15
0.068973 0.086241 0.075324 0.102592 0.132563 0.129579 0.089226 0.087593 0.087134 0.140776 15
0.067085 0.085655 0.075809 0.107923 0.138073 0.130701 0.090399 0.084175 0.085935 0.134247 15
0.069049 0.086930 0.075171 0.103433 0.132461 0.127257 0.088664 0.086675 0.088639 0.141720 15
0.066039 0.088613 0.073156 0.108509 0.135624 0.130395 0.087313 0.087415 0.083588 0.139348 15
0.063897 0.086445 0.075605 0.112489 0.139042 0.134247 0.089455 0.085476 0.082007 0.131339 15
0.066677 0.082645 0.075656 0.107004 0.140190 0.134093 0.087772 0.083308 0.086267 0.136389 15
0.051117 0.088409 0.049893 0.112131 0.159142 0.143302 0.077237 0.084456 0.099301 0.135012 16
0.053642 0.091649 0.053591 0.115141 0.165672 0.139348 0.078053 0.085833 0.088741 0.128329 16
0.036374 0.076982 0.041016 0.120141 0.160239 0.157356 0.081242 0.075681 0.089098 0.161871 16
0.036399 0.074992 0.036654 0.114198 0.138532 0.150520 0.076497 0.081369 0.097337 0.193501 16
0.050454 0.088613 0.046679 0.112948 0.162458 0.147000 0.075783 0.084175 0.096113 0.135777 16
0.051143 0.090067 0.050760 0.113101 0.162458 0.143863 0.078155 0.083155 0.097031 0.130267 16
0.054076 0.092491 0.052291 0.112565 0.155163 0.140394 0.079686 0.086037 0.087083 0.140215 16
0.055020 0.093842 0.049969 0.111264 0.159091 0.136874 0.074380 0.088282 0.100372 0.130905 16
0.039027 0.074610 0.039409 0.114019 0.145725 0.153505 0.076038 0.083690 0.096138 0.177839 16
0.052622 0.089124 0.050556 0.111902 0.164958 0.142281 0.076319 0.083078 0.101495 0.127666 16
0.046653 0.074610 0.053872 0.125293 0.165901 0.157178 0.083461 0.076650 0.090807 0.125574 17
0.049765 0.075145 0.056219 0.122309 0.162841 0.146286 0.084787 0.077288 0.086394 0.138965 17
0.050429 0.078461 0.043465 0.108178 0.137052 0.125931 0.078461 0.084940 0.122921 0.170161 17
0.049969 0.078257 0.050837 0.117692 0.154168 0.137639 0.079431 0.080272 0.093511 0.158224 17
0.058055 0.081981 0.050811 0.108841 0.143302 0.134553 0.080987 0.083359 0.115830 0.142281 17
0.060172 0.084762 0.046118 0.103433 0.121620 0.124554 0.082772 0.085961 0.120983 0.169626 17
0.061422 0.088052 0.052444 0.107489 0.125446 0.122768 0.076880 0.091445 0.109861 0.164192 17
0.049230 0.075579 0.055836 0.121850 0.151923 0.140827 0.083690 0.079201 0.092363 0.149500 17
0.054739 0.079558 0.051194 0.107183 0.127079 0.122462 0.080247 0.084124 0.105831 0.187583 17
0.048464 0.076242 0.055377 0.121697 0.169319 0.152612 0.084124 0.077263 0.089404 0.125497 17
0.037675 0.072620 0.021222 0.102260 0.308361 0.114963 0.041552 0.086751 0.089965 0.124630 18
0.036348 0.068564 0.025457 0.135165 0.256938 0.136542 0.048975 0.076854 0.087210 0.127946 18
0.030813 0.087568 0.025661 0.103739 0.253393 0.148123 0.042521 0.098561 0.080527 0.129094 18
0.037292 0.101112 0.024564 0.089226 0.278211 0.131390 0.041322 0.099480 0.077824 0.119580 18
0.034843 0.081650 0.027854 0.097363 0.295939 0.130293 0.041195 0.090501 0.076523 0.123839 18
0.040353 0.089302 0.024844 0.090526 0.290736 0.113254 0.042139 0.098051 0.080655 0.130140 18
0.040098 0.091878 0.024462 0.094353 0.274258 0.122181 0.044638 0.096342 0.081675 0.130114 18
0.040583 0.072850 0.023390 0.125880 0.255841 0.129783 0.047852 0.081777 0.087338 0.134706 18
0.037471 0.096368 0.024946 0.093562 0.266912 0.132946 0.038567 0.098995 0.081395 0.128839 18
0.038083 0.075987 0.020585 0.098306 0.311397 0.116799 0.041169 0.085731 0.084583 0.127359 18
0.109300 0.105295 0.055530 0.079864 0.065019 0.078206 0.037190 0.119835 0.138965 0.210795 19
0.107004 0.102872 0.061524 0.080757 0.068513 0.072033 0.037879 0.120447 0.141312 0.207657 19
0.110652 0.109759 0.054255 0.069151 0.063999 0.080196 0.042037 0.124018 0.133940 0.211994 19
0.110677 0.106086 0.055505 0.068411 0.068360 0.085119 0.042572 0.121977 0.132537 0.208754 19
0.111009 0.106035 0.053107 0.074839 0.067059 0.081344 0.038670 0.124885 0.133634 0.209417 19
0.109019 0.102439 0.058514 0.079737 0.067748 0.077492 0.041424 0.123457 0.133609 0.206561 19
0.108943 0.103484 0.057622 0.074100 0.068998 0.080196 0.041628 0.120472 0.134706 0.209851 19
0.104607 0.103484 0.062060 0.081191 0.067493 0.074049 0.037981 0.122411 0.138302 0.208423 19
0.109912 0.105219 0.055581 0.073411 0.064993 0.081395 0.042088 0.122232 0.133073 0.212096 19
0.108815 0.104046 0.056805 0.078487 0.067034 0.076472 0.038542 0.120855 0.137767 0.211177 19
0.045276 0.059586 0.070580 0.139960 0.196791 0.175722 0.090271 0.066269 0.067825 0.087721 20
0.050556 0.064866 0.069483 0.135675 0.183859 0.165978 0.092338 0.068360 0.073028 0.095858 20
0.047419 0.059229 0.072391 0.135879 0.188374 0.172406 0.095756 0.067059 0.073309 0.088180 20
0.053107 0.063233 0.073385 0.131466 0.173681 0.164243 0.094174 0.067850 0.080298 0.098561 20
0.045021 0.058999 0.071957 0.142077 0.193960 0.176589 0.093715 0.063284 0.068156 0.086241 20
0.045480 0.060683 0.072314 0.141210 0.196485 0.171437 0.093103 0.063667 0.068973 0.086649 20
0.050658 0.064152 0.072110 0.131721 0.180568 0.172227 0.095858 0.068513 0.071829 0.092363 20
0.045582 0.060581 0.073360 0.139782 0.193016 0.172049 0.090884 0.065912 0.068462 0.090373 20
0.045684 0.057673 0.073003 0.141899 0.195261 0.170824 0.096954 0.063335 0.072824 0.082543 20
0.043261 0.058310 0.071345 0.144450 0.197097 0.175569 0.093001 0.063846 0.067825 0.085297 20
0.043006 0.057214 0.046806 0.129222 0.235333 0.173554 0.074023 0.062672 0.076319 0.101852 21
0.054306 0.065325 0.046832 0.119707 0.220054 0.152127 0.068080 0.067646 0.085425 0.120498 21
0.044970 0.057953 0.046934 0.125166 0.233752 0.165723 0.070426 0.065682 0.081165 0.108229 21
0.053540 0.064738 0.047113 0.112948 0.216534 0.157637 0.072824 0.069202 0.090552 0.114912 21
0.040812 0.058208 0.047393 0.129094 0.239950 0.175339 0.074508 0.061091 0.074100 0.099505 21
0.049000 0.061091 0.048107 0.125344 0.219059 0.165187 0.071855 0.066090 0.081599 0.112667 21
0.057545 0.062927 0.046398 0.116366 0.210208 0.157025 0.069712 0.069151 0.088256 0.122411 21
0.051729 0.059662 0.045812 0.122488 0.220921 0.165748 0.073105 0.065886 0.081293 0.113356 21
0.048337 0.061754 0.047062 0.121034 0.226227 0.162075 0.068309 0.066600 0.086369 0.112233 21
0.043490 0.057673 0.046781 0.127206 0.236506 0.170926 0.074329 0.062060 0.076727 0.104301 21
0.063182 0.085552 0.074839 0.116595 0.124273 0.120804 0.088435 0.085425 0.088154 0.152740 22
0.056831 0.080834 0.072620 0.121722 0.132333 0.132104 0.098204 0.083435 0.082517 0.139399 22
0.056703 0.084711 0.071192 0.122207 0.125752 0.129859 0.093052 0.084048 0.083231 0.149245 22
0.053234 0.081038 0.070324 0.129247 0.133099 0.133226 0.096189 0.081930 0.081318 0.140394 22
0.057316 0.084889 0.071676 0.122054 0.125421 0.128201 0.096393 0.083920 0.082772 0.147357 22
0.055428 0.084634 0.073156 0.124477 0.129324 0.136899 0.094608 0.083308 0.080349 0.137818 22
0.056346 0.080630 0.074788 0.125446 0.131568 0.129783 0.097898 0.081599 0.082007 0.139935 22
0.057953 0.084150 0.071906 0.122003 0.127461 0.125421 0.093230 0.085195 0.085757 0.146924 22
0.052240 0.081548 0.072340 0.127181 0.135343 0.137103 0.096189 0.079915 0.078767 0.139374 22
0.058208 0.085170 0.071855 0.123074 0.125115 0.125497 0.091598 0.086496 0.084813 0.148174 22
0.063539 0.081242 0.034053 0.089226 0.143378 0.155800 0.054841 0.081318 0.135343 0.161259 23
0.070758 0.087950 0.034639 0.086547 0.120498 0.139909 0.054892 0.088435 0.133685 0.182685 23
0.065248 0.082262 0.033389 0.091343 0.132716 0.145240 0.057928 0.087159 0.132691 0.172023 23
0.068564 0.084328 0.036833 0.087440 0.124783 0.134961 0.058948 0.089098 0.133022 0.182022 23
0.065708 0.081395 0.033185 0.089226 0.141236 0.149704 0.054127 0.087236 0.131237 0.166947 23
0.070656 0.087925 0.035481 0.087976 0.120370 0.137307 0.059560 0.086267 0.136568 0.177890 23
0.073309 0.091139 0.034435 0.089914 0.117131 0.134451 0.057520 0.088409 0.133150 0.180543 23
0.067697 0.085501 0.034282 0.089812 0.128660 0.146337 0.057596 0.084201 0.132920 0.172993 23
0.068335 0.084124 0.035736 0.089404 0.121187 0.136746 0.058463 0.090526 0.133991 0.181487 23
0.064560 0.080655 0.035047 0.089889 0.145572 0.154627 0.054102 0.083461 0.131288 0.160800 23
0.025763 0.053872 0.034690 0.114963 0.210234 0.189037 0.065095 0.064866 0.098689 0.142792 24
0.029793 0.057316 0.034716 0.124069 0.202811 0.199163 0.063590 0.069483 0.112897 0.106163 24
0.029385 0.058897 0.035966 0.118559 0.210438 0.198679 0.068131 0.063284 0.100296 0.116366 24
0.028875 0.055071 0.036450 0.124426 0.209647 0.204979 0.068386 0.063284 0.110295 0.098587 24
0.027650 0.054969 0.035762 0.115269 0.207683 0.188170 0.065197 0.062239 0.099174 0.143888 24
0.029767 0.059101 0.034920 0.113713 0.201306 0.190261 0.066881 0.066090 0.108968 0.128992 24
0.033007 0.056729 0.035379 0.122411 0.199852 0.188374 0.065861 0.068156 0.113789 0.116442 24
0.026604 0.054025 0.035558 0.118024 0.202709 0.199316 0.065631 0.066422 0.106316 0.125395 24
0.030839 0.056576 0.034155 0.118381 0.212478 0.201536 0.065657 0.064101 0.101775 0.114504 24
0.025814 0.053617 0.033517 0.114402 0.205923 0.189853 0.065325 0.063310 0.100041 0.148199 24
0.040787 0.090782 0.063743 0.215463 0.123176 0.059535 0.077569 0.149628 0.093154 0.086165 25
0.043184 0.091241 0.065759 0.215131 0.117769 0.060376 0.075911 0.155061 0.091955 0.083614 25
0.039792 0.093638 0.077875 0.215284 0.114988 0.046526 0.060887 0.157433 0.103510 0.090067 25
0.040404 0.089506 0.076548 0.218728 0.116850 0.047903 0.062111 0.158224 0.095577 0.094149 25
0.041577 0.093103 0.073564 0.211611 0.114147 0.049306 0.062443 0.152867 0.113305 0.088078 25
0.041832 0.092210 0.074814 0.216789 0.111851 0.045990 0.063335 0.153199 0.113840 0.086139 25
0.041934 0.091955 0.075375 0.212045 0.115039 0.048643 0.060402 0.153097 0.113560 0.087950 25
0.041348 0.091725 0.063335 0.215947 0.123151 0.061728 0.073538 0.150724 0.091827 0.086675 25
0.041603 0.091980 0.077467 0.215259 0.113560 0.047291 0.062672 0.159269 0.104199 0.086700 25
0.041042 0.087619 0.067544 0.220207 0.120549 0.054382 0.068156 0.153046 0.100015 0.087440 25
0.035073 0.071651 0.049893 0.166998 0.188068 0.113866 0.062825 0.086139 0.086292 0.139195 26
0.040787 0.071396 0.048771 0.167177 0.205413 0.121569 0.065682 0.082747 0.081471 0.114988 26
0.048975 0.076191 0.048005 0.149143 0.176283 0.134833 0.064866 0.085808 0.083971 0.131925 26
0.042241 0.068743 0.045276 0.156209 0.220080 0.133303 0.061448 0.080094 0.076982 0.115626 26
0.046653 0.076089 0.052444 0.154270 0.184088 0.122692 0.071931 0.087185 0.079686 0.124962 26
0.045582 0.074329 0.050786 0.159831 0.198016 0.122462 0.068309 0.084660 0.078130 0.117896 26
0.044613 0.074457 0.049816 0.156030 0.205897 0.123712 0.065810 0.085655 0.077033 0.116978 26
0.041450 0.071702 0.051857 0.168631 0.199648 0.114682 0.062213 0.085833 0.085144 0.118840 26
0.046041 0.070018 0.045863 0.154449 0.203780 0.133609 0.061269 0.082568 0.078053 0.124350 26
0.036731 0.072493 0.051117 0.168988 0.190669 0.114912 0.064764 0.084609 0.084303 0.131415 26
0.044740 0.072620 0.051321 0.122079 0.174166 0.161208 0.084175 0.073615 0.090322 0.125752 27
0.048490 0.073003 0.051627 0.122054 0.164065 0.153607 0.083027 0.078487 0.101520 0.124120 27
0.038338 0.065044 0.049026 0.130982 0.201663 0.174625 0.086369 0.065019 0.080170 0.108764 27
0.041705 0.065376 0.050760 0.129987 0.188093 0.169243 0.086853 0.069814 0.082823 0.115345 27
0.047546 0.071676 0.052622 0.121544 0.175186 0.156540 0.086012 0.070962 0.091547 0.126365 27
0.040379 0.067978 0.052877 0.128966 0.191333 0.171003 0.087057 0.066983 0.079737 0.113687 27
0.043516 0.069534 0.052852 0.122513 0.187940 0.163274 0.083129 0.071855 0.088001 0.117386 27
0.049791 0.076140 0.048260 0.119554 0.160417 0.147919 0.085782 0.076166 0.104632 0.131339 27
0.036425 0.064177 0.048873 0.132282 0.207224 0.178604 0.085246 0.065963 0.073309 0.107897 27
0.048796 0.072467 0.051219 0.122411 0.174166 0.157280 0.085731 0.071600 0.087568 0.128762 27
0.060963 0.097158 0.061728 0.122232 0.131594 0.132384 0.081318 0.086267 0.079635 0.146720 28
0.059790 0.096699 0.065708 0.120549 0.134119 0.126110 0.077798 0.088333 0.083129 0.147766 28
0.061754 0.096444 0.068105 0.118942 0.141236 0.124248 0.077339 0.087950 0.081701 0.142281 28
0.059739 0.096113 0.063437 0.122539 0.140139 0.126569 0.076217 0.085527 0.082849 0.146873 28
0.063514 0.092593 0.064891 0.120421 0.137027 0.130471 0.079278 0.085757 0.081548 0.144501 28
0.059586 0.094378 0.065963 0.122692 0.139144 0.129349 0.079278 0.086012 0.081318 0.142281 28
0.056321 0.095092 0.063412 0.125370 0.144373 0.130293 0.077033 0.086496 0.079839 0.141771 28
0.059101 0.101367 0.060632 0.124503 0.130293 0.125242 0.077773 0.089812 0.081956 0.149321 28
0.059764 0.093536 0.064815 0.121289 0.152357 0.126314 0.075426 0.084889 0.081548 0.140062 28
0.060657 0.099174 0.062621 0.120370 0.132104 0.129859 0.083359 0.085578 0.080068 0.146210 28
0.055122 0.071013 0.028186 0.089506 0.061958 0.127921 0.058897 0.097082 0.267957 0.142358 29
0.058923 0.079992 0.033160 0.101724 0.083078 0.114861 0.060530 0.089761 0.216560 0.161412 29
0.050913 0.069228 0.023620 0.086343 0.052061 0.127793 0.044587 0.092261 0.303898 0.149296 29
0.059407 0.088690 0.029920 0.092338 0.068182 0.112642 0.055862 0.088894 0.228803 0.175263 29
0.048388 0.071651 0.021630 0.095169 0.052648 0.137358 0.038567 0.101724 0.283440 0.149424 29
0.054841 0.073054 0.028339 0.091266 0.070631 0.130828 0.051117 0.095398 0.258494 0.146031 29
0.062570 0.085476 0.032446 0.092720 0.066881 0.095322 0.061397 0.088792 0.265407 0.148990 29
0.057673 0.075426 0.032930 0.091776 0.074431 0.122641 0.063233 0.092848 0.253469 0.135573 29
0.056423 0.073334 0.028798 0.088996 0.068054 0.116391 0.060989 0.091776 0.275712 0.139527 29
0.055479 0.072008 0.028773 0.088868 0.062978 0.129961 0.051780 0.095500 0.276987 0.137665 29
0.060810 0.069687 0.055224 0.115524 0.129273 0.133762 0.076446 0.090731 0.119427 0.149117 30
0.058157 0.068947 0.054663 0.117437 0.129757 0.131390 0.079380 0.088154 0.125421 0.146694 30
0.060249 0.067799 0.055377 0.115218 0.131441 0.132359 0.080068 0.090629 0.121875 0.144985 30
0.059586 0.068335 0.056142 0.120115 0.134017 0.134986 0.082262 0.089634 0.112004 0.142919 30
0.059917 0.070350 0.056652 0.116850 0.128507 0.135190 0.079176 0.089404 0.117998 0.145954 30
0.064330 0.072314 0.057800 0.117386 0.124324 0.123457 0.082696 0.092184 0.117922 0.147587 30
0.063463 0.068411 0.055351 0.115932 0.121773 0.128686 0.079788 0.094123 0.120268 0.152204 30
0.062392 0.068845 0.059229 0.121671 0.131849 0.126569 0.082798 0.090093 0.114453 0.142103 30
0.062927 0.069916 0.060555 0.114096 0.128201 0.128252 0.084813 0.090424 0.116927 0.143888 30
0.063259 0.069610 0.055607 0.113483 0.124426 0.129553 0.079201 0.091470 0.122207 0.151184 30
0.044791 0.070197 0.053540 0.124834 0.170340 0.161820 0.087287 0.070835 0.090144 0.126212 31
0.040098 0.064636 0.050352 0.133532 0.183782 0.172840 0.083384 0.069202 0.083741 0.118432 31
0.046016 0.073105 0.063795 0.131747 0.159040 0.158759 0.091853 0.074023 0.082134 0.119529 31
0.048592 0.070656 0.060759 0.124783 0.161897 0.156107 0.087695 0.073436 0.089889 0.126186 31
0.040200 0.066524 0.059841 0.138736 0.176793 0.171360 0.088256 0.068896 0.080298 0.109096 31
0.039741 0.064279 0.049918 0.130012 0.189700 0.178477 0.083104 0.066855 0.083129 0.114784 31
0.040225 0.068692 0.049230 0.129681 0.178069 0.171513 0.086828 0.071549 0.087517 0.116697 31
0.037063 0.067391 0.043950 0.132844 0.177941 0.171028 0.082568 0.072059 0.094837 0.120319 31
0.045863 0.069202 0.058132 0.129834 0.162330 0.161744 0.089659 0.073845 0.086088 0.123304 31
0.042521 0.066549 0.053821 0.131976 0.184599 0.166845 0.088078 0.069687 0.082568 0.113356 31
0.046092 0.066881 0.070784 0.139323 0.171666 0.158785 0.093638 0.069177 0.069585 0.114070 32
0.047546 0.068743 0.067978 0.131823 0.172253 0.162203 0.094965 0.067442 0.069712 0.117335 32
0.040404 0.062978 0.063259 0.143888 0.189088 0.172967 0.090577 0.063590 0.063718 0.109530 32
0.042215 0.062774 0.063692 0.140445 0.190516 0.170824 0.091827 0.064993 0.065733 0.106979 32
0.040991 0.064381 0.065988 0.141771 0.184599 0.170110 0.091827 0.063233 0.066498 0.110601 32
0.044842 0.066167 0.064840 0.138685 0.179267 0.166922 0.093562 0.065223 0.068233 0.112259 32
0.046220 0.065810 0.069508 0.138098 0.172457 0.164779 0.095016 0.064968 0.068411 0.114733 32
0.045939 0.068054 0.068335 0.137129 0.178094 0.166259 0.091853 0.065631 0.068539 0.110167 32
0.040430 0.062468 0.067059 0.140827 0.190134 0.176487 0.091164 0.062800 0.063055 0.105576 32
0.045353 0.066294 0.070018 0.136466 0.170187 0.160188 0.094149 0.068998 0.069967 0.118381 32
0.054306 0.073028 0.073283 0.118559 0.153505 0.154525 0.093562 0.074584 0.086751 0.117896 33
0.051117 0.072824 0.074712 0.123125 0.156540 0.158045 0.097822 0.071268 0.082237 0.112310 33
0.053005 0.075324 0.073513 0.123023 0.154474 0.153250 0.097541 0.074227 0.078487 0.117156 33
0.052597 0.072289 0.077109 0.123023 0.156821 0.155469 0.099837 0.072008 0.075400 0.115447 33
0.053591 0.073462 0.076115 0.121187 0.152765 0.153505 0.095245 0.074380 0.081828 0.117922 33
0.054867 0.074661 0.075860 0.117539 0.153581 0.152510 0.097822 0.073972 0.079686 0.119503 33
0.051678 0.072569 0.073998 0.126339 0.158836 0.157407 0.100806 0.072442 0.073232 0.112693 33
0.052189 0.074839 0.073130 0.119197 0.157765 0.153709 0.094914 0.072314 0.086394 0.115549 33
0.055479 0.073130 0.075605 0.118610 0.152918 0.157101 0.097133 0.074635 0.076701 0.118687 33
0.054357 0.072824 0.072646 0.118942 0.154398 0.152612 0.091929 0.074559 0.087976 0.119758 33
0.063539 0.090297 0.054000 0.101112 0.102872 0.116366 0.084940 0.086522 0.116442 0.183910 34
0.065733 0.094812 0.060453 0.104428 0.106596 0.119478 0.085170 0.086624 0.103918 0.172788 34
0.051882 0.077160 0.077671 0.128584 0.150010 0.146541 0.093740 0.073079 0.074482 0.126849 34
0.063157 0.086802 0.071166 0.119274 0.123763 0.128482 0.086802 0.082594 0.086139 0.151821 34
0.056244 0.081548 0.068003 0.124860 0.138149 0.138634 0.093128 0.078385 0.081726 0.139323 34
0.059382 0.087542 0.070069 0.119018 0.130267 0.131798 0.090807 0.081752 0.084991 0.144373 34
0.065401 0.086012 0.072569 0.118865 0.124018 0.126441 0.091751 0.081522 0.087236 0.146184 34
0.063897 0.092184 0.059968 0.108280 0.113203 0.118508 0.083129 0.085195 0.104505 0.171130 34
0.057800 0.081624 0.070962 0.127308 0.143174 0.135930 0.092287 0.078538 0.078334 0.134042 34
0.059484 0.086267 0.063004 0.116085 0.124350 0.130089 0.089965 0.081140 0.091521 0.158096 34
0.051066 0.072238 0.046169 0.111672 0.137180 0.140037 0.080553 0.085501 0.126926 0.148658 35
0.057979 0.083843 0.041424 0.097771 0.100704 0.122436 0.083206 0.094302 0.144220 0.174115 35
0.051627 0.077441 0.039996 0.106443 0.121263 0.138022 0.078563 0.091317 0.140496 0.154831 35
0.052138 0.073998 0.043669 0.107591 0.133991 0.138685 0.080630 0.086955 0.131543 0.150801 35
0.051525 0.075885 0.043797 0.109530 0.133532 0.141746 0.080476 0.088843 0.127946 0.146720 35
0.049536 0.077696 0.039843 0.103433 0.126237 0.138940 0.078691 0.089659 0.142128 0.153836 35
0.052495 0.080196 0.039766 0.101112 0.115830 0.133048 0.079737 0.089532 0.145750 0.162534 35
0.046449 0.074482 0.045633 0.113407 0.138098 0.149117 0.082364 0.086955 0.124222 0.139272 35
0.051984 0.079813 0.044638 0.107872 0.119733 0.136389 0.081548 0.088562 0.131976 0.157484 35
0.050301 0.072977 0.041220 0.108382 0.132742 0.139603 0.079176 0.086114 0.135369 0.154117 35
0.054867 0.079303 0.052138 0.110728 0.131492 0.132512 0.083614 0.087925 0.117820 0.149602 36
0.046475 0.073998 0.046934 0.114912 0.153097 0.148123 0.083027 0.080987 0.117182 0.135267 36
0.046577 0.073003 0.045608 0.114351 0.141006 0.139986 0.074763 0.084226 0.123788 0.156693 36
0.049689 0.073462 0.049893 0.114937 0.149857 0.140011 0.079354 0.082492 0.123508 0.136797 36
0.051806 0.080400 0.045353 0.106316 0.119503 0.130726 0.080094 0.089328 0.133328 0.163147 36
0.055300 0.081446 0.049153 0.109122 0.131849 0.128482 0.084124 0.085374 0.123584 0.151566 36
0.056244 0.077543 0.049153 0.109785 0.137154 0.131747 0.081803 0.085604 0.119018 0.151949 36
0.054535 0.084532 0.045378 0.105142 0.113687 0.125217 0.083410 0.089379 0.135292 0.163427 36
0.052138 0.075477 0.043567 0.109912 0.137078 0.132435 0.077977 0.085604 0.129834 0.155979 36
0.056066 0.081701 0.050148 0.106749 0.118279 0.128456 0.082415 0.090629 0.129400 0.156158 36
0.060070 0.075145 0.060581 0.100908 0.107974 0.136925 0.094200 0.086853 0.149373 0.127972 37
0.058744 0.075554 0.061575 0.098536 0.106826 0.140904 0.096572 0.084762 0.150724 0.125803 37
0.059076 0.073998 0.055020 0.101342 0.105372 0.140088 0.092873 0.086726 0.159729 0.125778 37
0.059892 0.076854 0.061932 0.097924 0.109504 0.133201 0.094404 0.085782 0.149500 0.131007 37
0.057520 0.076319 0.058846 0.100704 0.104811 0.138302 0.093664 0.088256 0.154244 0.127334 37
0.058514 0.075349 0.065197 0.099199 0.108025 0.136313 0.093332 0.083104 0.151439 0.129528 37
0.061065 0.077390 0.062162 0.095883 0.108484 0.134961 0.097260 0.085272 0.150571 0.126951 37
0.060581 0.076166 0.061754 0.096725 0.109351 0.135292 0.095526 0.087517 0.151668 0.125421 37
0.058157 0.074661 0.062162 0.101571 0.105372 0.135012 0.093536 0.084889 0.157841 0.126798 37
0.059662 0.073947 0.060708 0.102158 0.105729 0.134706 0.092465 0.088282 0.154193 0.128150 37
0.051882 0.073360 0.049383 0.103790 0.113662 0.145393 0.088001 0.086879 0.158734 0.128915 38
0.051449 0.078921 0.055938 0.100270 0.119172 0.138175 0.084099 0.082339 0.162611 0.127028 38
0.049357 0.074380 0.046577 0.100372 0.105219 0.143072 0.083180 0.090705 0.169753 0.137384 38
0.050786 0.073972 0.054280 0.100347 0.118202 0.143710 0.078181 0.081650 0.172865 0.126008 38
0.051194 0.073717 0.049536 0.099888 0.110473 0.148811 0.085195 0.086063 0.167100 0.128023 38
0.051474 0.075400 0.052954 0.098561 0.117156 0.148556 0.082134 0.082747 0.167993 0.123023 38
0.053362 0.077186 0.054918 0.100959 0.125064 0.140521 0.084838 0.080043 0.161999 0.121110 38
0.052775 0.076625 0.050148 0.100423 0.112284 0.143506 0.081854 0.084711 0.169268 0.128405 38
0.049561 0.071957 0.049714 0.103612 0.108815 0.144832 0.079099 0.084328 0.181436 0.126645 38
0.052061 0.073054 0.047495 0.103102 0.109938 0.147944 0.081803 0.085399 0.173248 0.125957 38
0.057392 0.087338 0.021375 0.063386 0.103076 0.146312 0.058667 0.080808 0.191077 0.190567 39
0.058591 0.079303 0.024844 0.059662 0.111417 0.139297 0.058438 0.092491 0.181155 0.194802 39
0.053668 0.077722 0.022498 0.060376 0.110499 0.162305 0.054867 0.088690 0.222273 0.147102 39
0.054306 0.079303 0.023467 0.061524 0.115524 0.147459 0.060963 0.077084 0.241480 0.138889 39
0.056499 0.083104 0.021937 0.060785 0.106239 0.147434 0.055683 0.088180 0.185925 0.194215 39
0.064764 0.086981 0.035022 0.061881 0.128966 0.124681 0.065912 0.084991 0.182252 0.164550 39
0.056907 0.087976 0.026196 0.063897 0.112463 0.134833 0.058438 0.076982 0.211943 0.170365 39
0.060938 0.084303 0.026349 0.058361 0.115549 0.140088 0.058463 0.085119 0.185211 0.185619 39
0.056244 0.081089 0.025278 0.060147 0.109249 0.142562 0.056397 0.084022 0.222477 0.162534 39
0.058208 0.087695 0.021835 0.063029 0.104887 0.144322 0.057163 0.078334 0.194164 0.190363 39
0.051041 0.085884 0.058030 0.136976 0.143072 0.125676 0.079227 0.083002 0.091980 0.145113 40
0.052061 0.080987 0.065784 0.145776 0.155698 0.110958 0.073309 0.087491 0.088078 0.139858 40
0.054994 0.088001 0.054994 0.128227 0.129170 0.114453 0.075069 0.090731 0.108356 0.156004 40
0.054255 0.091215 0.061575 0.134068 0.133762 0.109861 0.070171 0.092184 0.097133 0.155775 40
0.055198 0.087415 0.055505 0.123049 0.146363 0.118432 0.068309 0.092924 0.101546 0.151260 40
0.054841 0.091776 0.054408 0.123661 0.148021 0.116468 0.066396 0.095628 0.097363 0.151439 40
0.060249 0.093715 0.054178 0.120421 0.151388 0.114988 0.063795 0.098051 0.095322 0.147893 40
0.049485 0.081599 0.062468 0.143710 0.157229 0.117998 0.078385 0.084379 0.085680 0.139067 40
0.055505 0.087644 0.055530 0.131925 0.143021 0.109300 0.073334 0.091343 0.100041 0.152357 40
0.051525 0.087108 0.058642 0.135216 0.141338 0.124809 0.077645 0.084762 0.093536 0.145419 40
0.049357 0.069177 0.060632 0.164932 0.182915 0.122768 0.071676 0.079074 0.078487 0.120983 41
0.047368 0.074508 0.054561 0.152153 0.191690 0.127002 0.070733 0.082160 0.078921 0.120906 41
0.041322 0.066651 0.056831 0.184165 0.177839 0.127589 0.061575 0.078155 0.085348 0.120523 41
0.059917 0.079864 0.063590 0.144475 0.158122 0.110116 0.071957 0.090067 0.089175 0.132716 41
0.051755 0.079456 0.057851 0.137792 0.170136 0.121850 0.068896 0.083690 0.093001 0.135573 41
0.056882 0.083129 0.057953 0.134349 0.173911 0.115396 0.069151 0.089430 0.090450 0.129349 41
0.056499 0.081854 0.059994 0.136211 0.170314 0.109657 0.067238 0.089506 0.096546 0.132180 41
0.050301 0.076548 0.058234 0.152306 0.176819 0.120778 0.070273 0.081369 0.083818 0.129553 41
0.050250 0.069891 0.063004 0.155826 0.179701 0.124630 0.067519 0.080068 0.089124 0.119988 41
0.052342 0.075375 0.060019 0.156795 0.168758 0.118355 0.074559 0.080476 0.084991 0.128329 41
0.065146 0.086267 0.054688 0.106571 0.166922 0.129017 0.069814 0.089251 0.094047 0.138277 42
0.056193 0.074839 0.054433 0.115192 0.177660 0.144526 0.079635 0.079227 0.088919 0.129375 42
0.068488 0.084405 0.054561 0.105984 0.167024 0.131619 0.065708 0.087210 0.094888 0.140113 42
0.057418 0.075860 0.053745 0.111417 0.182507 0.146337 0.075605 0.080349 0.087746 0.129017 42
0.069355 0.086343 0.056754 0.105550 0.157382 0.128354 0.068768 0.086904 0.098332 0.142256 42
0.066447 0.084456 0.054357 0.106647 0.163886 0.133762 0.073283 0.085119 0.094429 0.137614 42
0.057392 0.078257 0.054765 0.110907 0.180135 0.142358 0.078691 0.080783 0.088971 0.127742 42
0.061218 0.082747 0.056550 0.111672 0.169702 0.136593 0.074227 0.083665 0.090960 0.132665 42
0.070273 0.084813 0.053974 0.105321 0.157560 0.124681 0.076319 0.085272 0.098612 0.143174 42
0.066473 0.087644 0.053821 0.105321 0.165646 0.127819 0.069024 0.089455 0.095092 0.139705 42
0.056117 0.136287 0.048413 0.087134 0.137154 0.098357 0.063820 0.119299 0.119018 0.134400 43
0.060045 0.082594 0.064738 0.117258 0.148250 0.124477 0.084864 0.087772 0.086624 0.143378 43
0.054841 0.140164 0.040506 0.082390 0.173069 0.101214 0.051831 0.130497 0.092924 0.132563 43
0.052495 0.080145 0.047852 0.113126 0.153428 0.144271 0.075273 0.087823 0.093587 0.152000 43
0.056576 0.137486 0.044230 0.085272 0.160545 0.097592 0.057239 0.124171 0.102107 0.134782 43
0.052750 0.118177 0.046526 0.097158 0.191690 0.112463 0.053158 0.113432 0.086598 0.128048 43
